header: 
    seq: 0
    stamp: 
        secs: 0
        nsecs: 0
    frame_id: 'front_right_side_camera'
height: 512
width: 1280
distortion_model: plumb_bob
D: [-0.042119, 0.025883, -0.008143, 0.002298, 0.000000]
K: [758.700924, 0.000000, 645.312171, 0.000000, 809.124095, 523.415954, 0.000000, 0.000000, 1.000000]
R: [1.000000, 0.000000, 0.000000, 0.000000, 1.000000, 0.000000, 0.000000, 0.000000, 1.000000]
P: [755.432922, 0.000000, 649.508109, 0.000000, 0.000000, 803.054443, 512.638763, 0.000000, 0.000000, 0.000000, 1.000000, 0.000000]
binning_x: 0
binning_y: 0
roi: 
  x_offset: 0
  y_offset: 0
  height: 0
  width: 0
  do_rectify: False
