header: 
    seq: 0
    stamp: 
        secs: 0
        nsecs:                 0
    frame_id: white_mkz_onsemi_obstacle
height: 512
width: 1280
distortion_model: plumb_bob
D: [-0.312563, 0.110133, 0.001303, 0.000259, 0.000000]
K: [942.385380, 0.000000, 640.0, 0.000000, 944.244612, 236.963620, 0.000000, 0.000000, 1.000000]
R: [1.0, 0.0, 0.0, 0.0, 1.0, 0.0, 0.0, 0.0, 1.0]
P: [794.715027, 0.000000, 603.462973, 0.000000, 0.000000, 921.649170, 236.334844, 0.000000, 0.000000, 0.000000, 1.000000, 0.000000]
binning_x: 0
binning_y: 0
roi: 
  x_offset: 0
  y_offset: 0
  height: 0
  width: 0
  do_rectify: False
