image_width: 1280
image_height: 1024
camera_name: camera
camera_matrix:
  rows: 3
  cols: 3
  data: [994.231174, 0.000000, 660.869161, 0.000000, 994.824313, 505.299224, 0.000000, 0.000000, 1.000000]
distortion_model: plumb_bob
distortion_coefficients:
  rows: 1
  cols: 5
  data: [-0.296794, 0.096668, -0.000365, 0.000070, 0.000000]
rectification_matrix:
  rows: 3
  cols: 3
  data: [1.000000, 0.000000, 0.000000, 0.000000, 1.000000, 0.000000, 0.000000, 0.000000, 1.000000]
projection_matrix:
  rows: 3
  cols: 4
  data: [859.955444, 0.000000, 667.672918, 0.000000, 0.000000, 910.961609, 503.588753, 0.000000, 0.000000, 0.000000, 1.000000, 0.000000]
