image_width: 1280
image_height: 512
camera_name: narrow_stereo
camera_matrix:
  rows: 3
  cols: 3
  data: [949.276476, 0.000000, 629.990743, 0.000000, 949.392970, 262.773006, 0.000000, 0.000000, 1.000000]
distortion_model: plumb_bob
distortion_coefficients:
  rows: 1
  cols: 5
  data: [-0.307210, 0.107273, 0.000350, -0.000975, 0.000000]
rectification_matrix:
  rows: 3
  cols: 3
  data: [1.000000, 0.000000, 0.000000, 0.000000, 1.000000, 0.000000, 0.000000, 0.000000, 1.000000]
projection_matrix:
  rows: 3
  cols: 4
  data: [805.691162, 0.000000, 624.234003, 0.000000, 0.000000, 927.655762, 263.173994, 0.000000, 0.000000, 0.000000, 1.000000, 0.000000]