image_width: 1280
image_height: 512
camera_name: front_left_side_camera
camera_matrix:
  rows: 3
  cols: 3
  data: [942.385380, 0.000000, 612.446249, 0.000000, 944.244612, 236.963620, 0.000000, 0.000000, 1.000000]
distortion_model: plumb_bob
distortion_coefficients:
  rows: 1
  cols: 5
  data: [-0.312563, 0.110133, 0.001303, 0.000259, 0.000000]
rectification_matrix:
  rows: 3
  cols: 3
  data: [1.000000, 0.000000, 0.000000, 0.000000, 1.000000, 0.000000, 0.000000, 0.000000, 1.000000]
projection_matrix:
  rows: 3
  cols: 4
  data: [794.715027, 0.000000, 603.462973, 0.000000, 0.000000, 921.649170, 236.334844, 0.000000, 0.000000, 0.000000, 1.000000, 0.000000]