image_width: 1280
image_height: 512
camera_name: front_right_side_camera
camera_matrix:
  rows: 3
  cols: 3
  data: [932.362100, 0.000000, 651.611911, 0.000000, 931.580933, 512.565215, 0.000000, 0.000000, 1.000000]
distortion_model: plumb_bob
distortion_coefficients:
  rows: 1
  cols: 5
  data: [-0.302814, 0.111877, 0.008120, -0.002372, 0.000000]
rectification_matrix:
  rows: 3
  cols: 3
  data: [1.000000, 0.000000, 0.000000, 0.000000, 1.000000, 0.000000, 0.000000, 0.000000, 1.000000]
projection_matrix:
  rows: 3
  cols: 4
  data: [792.763245, 0.000000, 649.620501, 0.000000, 0.000000, 840.655212, 522.946901, 0.000000, 0.000000, 0.000000, 1.000000, 0.000000]