header: 
    seq: 0
    stamp: 
        secs: 0
        nsecs: 0
    frame_id: 'front_left_side_camera'
height: 512
width: 1280
distortion_model: plumb_bob
D: [-0.302814, 0.111877, 0.008120, -0.002372, 0.000000]
K: [932.362100, 0.000000, 651.611911, 0.000000, 931.580933, 512.565215, 0.000000, 0.000000, 1.000000]
R: [1.000000, 0.000000, 0.000000, 0.000000, 1.000000, 0.000000, 0.000000, 0.000000, 1.000000]
P: [792.763245, 0.000000, 649.620501, 0.000000, 0.000000, 840.655212, 522.946901, 0.000000, 0.000000, 0.000000, 1.000000, 0.000000]
binning_x: 0
binning_y: 0
roi: 
  x_offset: 0
  y_offset: 0
  height: 0
  width: 0
  do_rectify: False
