header: 
    seq: 0
    stamp: 
        secs: 0
        nsecs:                 0
    frame_id: white_mkz_onsemi_obstacle
height: 512
width: 1280
distortion_model: plumb_bob
D: [-0.307210, 0.107273, 0.000350, -0.000975, 0.000000]
K: [949.276476, 0.000000, 629.990743, 0.000000, 949.392970, 262.773006, 0.000000, 0.000000, 1.000000]
R: [1.0, 0.0, 0.0, 0.0, 1.0, 0.0, 0.0, 0.0, 1.0]
P: [805.691162, 0.000000, 624.234003, 0.000000, 0.000000, 927.655762, 263.173994, 0.000000, 0.000000, 0.000000, 1.000000, 0.000000]
binning_x: 0
binning_y: 0
roi: 
  x_offset: 0
  y_offset: 0
  height: 0
  width: 0
  do_rectify: False
