header: 
    seq: 0
    stamp: 
        secs: 0
        nsecs:                 0
    frame_id: white_mkz_onsemi_obstacle
height: 1024
width: 1280
distortion_model: plumb_bob
D: [-0.3096584967635008, 0.1098320485198309, 0.0002271779535933794, 0.0002573122506602681, 0]
K: [957.4673972119085, 0, 644.6846942874226, 0, 958.3403535820356, 536.6180642489772, 0, 0, 1]
R: [1.0, 0.0, 0.0, 0.0, 1.0, 0.0, 0.0, 0.0, 1.0]
P: [813.7238159179688, 0, 646.3644633845615, 0, 0, 866.1201171875, 541.7223259390448, 0, 0, 0, 1, 0]
binning_x: 0
binning_y: 0
roi: 
  x_offset: 0
  y_offset: 0
  height: 0
  width: 0
  do_rectify: False
